1368975618 1368979118
1368981914 1369000097
1369001176 1369011002
1369014213 1369014780
1369018547 1369020402
1369030060 1369030457
1369031214 1369031434
1369032056 1369032189
1369032791 1369032823
1369033713 1369034431
1369034979 1369035006
1369035688 1369037647
1369038218 1369038310
1369038905 1369038934
1369039532 1369039807
1369040338 1369040498
1369041944 1369042414
1369043879 1369044104
1369045341 1369058036
1369061308 1369079627
1369079628 1369083448
1369084578 1369102053
1369108392 1369112619
1369113124 1369125096
1369125097 1369130668
1369139231 1369158118
1369160584 1369182750
1369183674 1369205527
1369217759 1369231065
1369232206 1369262905
1369262907 1369276861
1369278065 1369282430
1369282431 1369283215
1369283216 1369283390
1369283391 1369283615
1369283616 1369283915
1369283916 1369284110
1369284111 1369284345
1369284346 1369284695
1369284696 1369284735
1369284736 1369284905
1369284906 1369285085
1369285086 1369285115
1369285116 1369285436
1369291863 1369369247
1369377816 1369433408
1369433410 1369436537
1369461272 1369461400
1369461401 1369461520
1369462617 1369462635
1369462636 1369462740
1369462741 1369462775
1369462776 1369463000
1369463001 1369463225
1369463226 1369463325
1369463326 1369463405
1369463406 1369470425
1369470427 1369471795
1369474169 1369497281
1369497282 1369508844
1369509840 1369517104
1369517105 1369536350
1369539901 1369546560
1369546561 1369546565
1369546566 1369546800
1369546801 1369546975
1369546976 1369547017
1369550661 1369551891
1369551893 1369553829
1369553831 1369568030
1369572276 1369577616
1369582280 1369606473
1369606474 1369630135
1369630136 1369630485
1369630486 1369630745
1369630746 1369630920
1369630921 1369631080
1369631081 1369631305
1369631306 1369631725
1369631726 1369631780
1369631781 1369632116
1369637659 1369677352
1369678238 1369694966
1369695676 1369715915
1369715916 1369715965
1369715966 1369716180
1369716181 1369716281
1369721583 1369728446
1369729014 1369755829
1369755831 1369802860
1369802861 1369802905
1369802906 1369803035
1369803036 1369803220
1369803221 1369803395
1369803396 1369803500
1369803501 1369803508
1369808693 1369813260
1369814465 1369814805
1369818767 1369823875
1369824802 1369846654
1369847575 1369861997
1369862941 1369879172
1369880577 1369889695
1369889696 1369889850
1369889851 1369889855
1369889856 1369889870
1369889871 1369889950
1369889951 1369890010
1369890011 1369890170
1369890171 1369890300
1369890301 1369890360
1369890361 1369890370
1369890371 1369890535
1369890536 1369890570
1369890571 1369890625
1369890626 1369890790
1369890791 1369890835
1369890836 1369890885
1369890886 1369890920
1369890921 1369890940
1369890941 1369891067
1369894388 1369912915
1369914153 1369926688
1369927232 1369933559
1369933560 1369937696
1369938633 1369972932
1369983665 1369998256
1369999421 1370021241
1370021838 1370041309
1370069080 1370078296
1370079246 1370110960
1370110961 1370126999
1370128482 1370147545
1370147546 1370148070
1370148071 1370148405
1370148406 1370148420
1370148421 1370148490
1370148491 1370148575
1370148576 1370148670
1370148671 1370148705
1370148706 1370148875
1370148876 1370149015
1370149016 1370149073
1370152418 1370168596
1370169173 1370180562
1370180564 1370183889
1370183890 1370233120
1370233121 1370233260
1370233261 1370233855
1370233856 1370234125
1370234126 1370234265
1370234266 1370234400
1370234401 1370234730
1370234731 1370234940
1370234941 1370235169
1370239902 1370263833
1370264309 1370292318
1370295580 1370317035
1370317036 1370317320
1370317321 1370317685
1370317686 1370317820
1370317821 1370318220
1370318221 1370318255
1370318256 1370318450
1370318451 1370318505
1370318506 1370318765
1370318766 1370318805
1370318806 1370318870
1370318871 1370318975
1370318976 1370319295
1370319296 1370319297
1370321966 1370346385
1370346984 1370353739
1370354816 1370365433
1370365435 1370380956
1370381560 1370382859
1370383730 1370406880
1370406881 1370406930
1370406931 1370407495
1370407496 1370407630
1370407631 1370407670
1370407671 1370407770
1370407771 1370407775
1370407776 1370407860
1370407861 1370407910
1370407911 1370408068
1370411291 1370414342
1370414343 1370425722
1370428074 1370448162
1370448704 1370449359
1370450915 1370460329
1370460331 1370487998
1370490156 1370492540
1370492541 1370492575
1370492576 1370492580
1370492581 1370492610
1370492611 1370492740
1370492741 1370492769
1370498003 1370499834
1370500463 1370512607
1370517759 1370525656
1370526417 1370527221
1370529042 1370543870
1370543872 1370568696
1370571650 1370578290
1370578291 1370578325
1370578326 1370578450
1370578451 1370578465
1370578466 1370578555
1370578556 1370578580
1370582130 1370582160
1370582161 1370582280
1370582281 1370582315
1370582316 1370644380
1370645545 1370646037
1370672555 1370695955
1370698437 1370745256
1370745257 1370749255
1370749256 1370749290
1370749291 1370749340
1370749341 1370749375
1370749376 1370749410
1370749411 1370749430
1370749431 1370749445
1370749446 1370749480
1370749481 1370749725
1370749726 1370749825
1370753254 1370772144
1370778219 1370790497
1370791866 1370796832
1370796834 1370831127
1370835329 1370839240
1370839241 1370839275
1370839276 1370839355
1370839356 1370839390
1370839391 1370839415
1370839416 1370839450
1370839451 1370839465
1370839466 1370839515
1370839516 1370839555
1370839556 1370839605
1370839606 1370839635
1370839636 1370839665
1370844080 1370849559
1370850225 1370884566
1370885436 1370888280
1370899705 1370906937
1370906938 1370923955
1370923956 1370923990
1370923991 1370924125
1370924126 1370924160
1370924161 1370924215
1370924216 1370924250
1370924251 1370924320
1370924321 1370924369
1370928898 1370939656
1370944938 1370949941
1370952596 1370952934
1370953474 1370953523
1370955008 1370978588
1370986647 1370996892
1371000075 1371013268
1371015192 1371015230
1371015231 1371015235
1371015236 1371015410
1371015411 1371015530
1371015531 1371015545
1371015546 1371015580
1371015581 1371015615
1371015616 1371015830
1371015831 1371016145
1371016146 1371016180
1371016181 1371016215
1371016216 1371016340
1371016341 1371016555
1371016556 1371016795
1371016796 1371016805
1371016806 1371016865
1371016866 1371016900
1371016901 1371016945
1371016946 1371016975
1371016976 1371017220
1371017221 1371017320
1371017321 1371017355
1371017356 1371032490
1371035886 1371037163
1371042725 1371044580
1371045265 1371063948
1371067808 1371097725
1371097726 1371097835
1371097836 1371097905
1371097906 1371097940
1371097941 1371097975
1371097976 1371098390
1371098391 1371098430
1371098431 1371098460
1371098461 1371098490
1371098491 1371098495
1371098496 1371098530
1371098531 1371098705
1371098706 1371098740
1371098741 1371098880
1371098881 1371098985
1371098986 1371099055
1371099056 1371099060
1371099061 1371099072
1371099074 1371099090
1371099091 1371099125
1371099126 1371099335
1371099336 1371099340
1371099341 1371099410
1371099411 1371099435
1371099436 1371099480
1371099481 1371099510
1371099511 1371099545
1371099546 1371099615
1371099616 1371099720
1371099721 1371099760
1371099761 1371099865
1371099866 1371099895
1371099896 1371099965
1371099966 1371100035
1371100036 1371100110
1371100111 1371100145
1371100146 1371100180
1371100181 1371100210
1371100211 1371100255
1371100256 1371100275
1371100276 1371100315
1371100316 1371100355
1371100356 1371100360
1371100361 1371100385
1371100386 1371100390
1371100391 1371100395
1371100396 1371100455
1371100456 1371100525
1371100526 1371100555
1371100556 1371100560
1371100561 1371100635
1371100636 1371100705
1371100706 1371100735
1371100736 1371100805
1371100806 1371100845
1371100846 1371100880
1371100881 1371100945
1371100946 1371101070
1371101071 1371101125
1371101126 1371101190
1371101191 1371101225
1371101226 1371101365
1371101366 1371119613
1371129345 1371136503
1371140882 1371141866
1371145183 1371156938
1371164008 1371175429
1371177756 1371184360
1371184361 1371184460
1371184461 1371184560
1371184561 1371184565
1371184566 1371184635
1371184636 1371184725
1371184726 1371185005
1371185006 1371185080
1371185081 1371185215
1371185216 1371185405
1371185406 1371185475
1371185476 1371185740
1371185741 1371185798
1371187521 1371187685
1371187686 1371187825
1371187826 1371188025
1371188026 1371188100
1371188101 1371188135
1371188136 1371188165
1371188166 1371188200
1371188201 1371188235
1371188236 1371188270
1371188271 1371209557
1371221849 1371232565
1371233317 1371243335
1371243336 1371250840
1371269717 1371274095
1371274096 1371274155
1371274156 1371274225
1371274226 1371274260
1371274261 1371274265
1371274266 1371274480
1371274481 1371274550
1371274551 1371274620
1371274621 1371274655
1371274656 1371274725
1371274726 1371274900
1371274901 1371274920
1371274921 1371274970
1371274971 1371275005
1371275006 1371275075
1371275076 1371275145
1371275146 1371275280
1371275281 1371275300
1371275301 1371275355
1371275356 1371275390
1371275391 1371275420
1371275421 1371275560
1371275561 1371275635
1371275636 1371275670
1371275671 1371275700
1371275701 1371275740
1371275741 1371275915
1371275916 1371275985
1371275986 1371276015
1371276016 1371276055
1371276056 1371276190
1371276191 1371276330
1371276331 1371276565
1371276566 1371276810
1371276811 1371276880
1371276881 1371276980
1371276981 1371277370
1371277371 1371277475
1371277476 1371277505
1371277506 1371277560
1371277561 1371277580
1371277581 1371277595
1371277596 1371277630
1371277631 1371277665
1371277666 1371277840
1371277841 1371277940
1371277941 1371277980
1371277981 1371287335
1371289414 1371294661
1371296488 1371331109
1371331143 1371337218
